Manston
Location 6323E 1661N 49m amsl
Estimated data is marked with a * after the value.
Missing data (more than 2 days missing in month) is marked by  ---.
Sunshine data taken from an automatic Kipp & Zonen sensor marked with a #, otherwise sunshine data taken from a Campbell Stokes recorder.
   yyyy  mm   tmax    tmin      af    rain     sun
              degC    degC    days      mm   hours
   1934   7   22.4    12.9    ---     37.1    ---
   1934   8   20.8    12.1    ---     51.6    ---
   1934   9   20.4    10.8    ---     25.4    ---
   1934  10   14.6     8.2    ---     56.1    ---
   1934  11    9.3     5.1    ---     45.2    ---
   1934  12   10.1     6.5    ---     87.9    ---
   1935   1    6.3     2.6    ---     51.8    51.4
   1935   2    8.4     3.6    ---     51.6    62.0
   1935   3    9.8     2.9    ---      2.0   139.3
   1935   4   11.4     5.5    ---     64.0   160.8
   1935   5   12.2     6.5    ---     53.8   228.9
   1935   6   19.2    11.3    ---     62.2   240.4
   1935   7   22.3    13.4    ---      4.6   317.1
   1935   8   22.2    13.1    ---     74.4   235.8
   1935   9   18.5    10.9    ---     80.3   178.5
   1935  10   14.0     7.4    ---     52.3   130.9
   1935  11   10.8     5.3    ---    109.2    67.5
   1935  12    6.1     1.9    ---     46.2    38.0
   1936   1    7.3     3.1    ---     79.5    39.4
   1936   2    5.8     0.9    ---     52.6    97.4
   1936   3   10.3     4.4    ---     22.9   124.0
   1936   4    9.7     3.9    ---     34.8   163.0
   1936   5   14.4     8.0    ---      4.3   205.5
   1936   6   19.7    11.2    ---     61.7   239.9
   1936   7   19.7    12.2    ---    103.9   213.4
   1936   8   20.6    12.6    ---     28.2   190.9
   1936   9   18.6    12.2    ---     85.1   113.4
   1936  10   13.2     6.8    ---     52.3   130.0
   1936  11    9.2     4.2    ---     91.2    46.2
   1936  12    7.9     2.8    ---     43.2    86.6
   1937   1    7.7     3.3    ---    100.8    61.0
   1937   2    8.9     3.8    ---     89.4    76.7
   1937   3    7.3     1.7    ---     88.9   130.1
   1937   4   12.1     6.2    ---     53.6   116.8
   1937   5   15.9     8.8    ---     83.6   184.1
   1937   6   19.1    10.8    ---     57.4   237.6
   1937   7   20.9    13.2    ---     22.1   155.7
   1937   8   21.5    13.9    ---     39.4   194.6
   1937   9   19.0    10.5    ---     67.3   176.1
   1937  10   14.7     8.9    ---     70.1   102.7
   1937  11    9.2     3.8    ---     30.0    82.1
   1937  12    5.9     2.2    ---    133.6    27.4
   1938   1    8.4     3.4    ---     66.3    51.8
   1938   2    7.5     2.2    ---     15.5    99.0
   1938   3   14.0     4.2    ---     13.2   209.0
   1938   4   10.8     3.3    ---     17.3   176.5
   1938   5   14.1     6.7    ---     48.5   189.2
   1938   6   19.8    10.5    ---     32.0   254.2
   1938   7   19.9    11.2    ---     64.0   205.9
   1938   8   20.2    12.8    ---     68.3   195.3
   1938   9   18.6    11.7    ---     62.0   154.1
   1938  10   14.3     7.2    ---     70.1   136.3
   1938  11   12.3     7.1    ---     52.8    47.2
   1938  12    5.9     2.2    ---     64.8    57.3
   1939   1    7.3     3.6    ---     99.8    55.2
   1939   2    8.6     2.7    ---     26.2   112.5
   1939   3    8.6     3.1    ---     44.7   128.2
   1939   4   12.7     5.4    ---     56.4   198.3
   1939   5   13.7     6.8    ---     46.7   248.0
   1939   6   17.4    10.4    ---     35.8   233.0
   1939   7   20.7    12.3    ---     42.9   221.8
   1939   8   20.7    12.7    ---     38.4   217.1
   1939   9   19.6    13.0    ---     65.5   178.4
   1939  10   12.4     7.5    ---    271.8    88.1
   1939  11   11.7     7.2    ---     99.1    57.0
   1939  12    5.4     1.8    ---     23.9    50.4
   1940   1    1.7    -2.3    ---     60.5    ---
   1940   2    4.4     0.7    ---     35.8    ---
   1940   3    9.6     2.7    ---     63.0    ---
   1940   4   12.3     5.2    ---     27.9    ---
   1940   5   16.4     7.7    ---      4.1    ---
   1940   6   20.4    11.7    ---      3.8    ---
   1940   7   19.9    11.8    ---     56.9    ---
   1940   8   ---     ---     ---     ---     ---
   1940   9   ---     ---     ---     ---     ---
   1940  10   ---     ---     ---     ---     ---
   1940  11   ---     ---     ---     ---     ---
   1940  12   ---     ---     ---     ---     ---
   1941   1   ---     ---     ---     ---     ---
   1941   2   ---     ---     ---     ---     ---
   1941   3   ---     ---     ---     ---     ---
   1941   4   ---     ---     ---     ---     ---
   1941   5   12.6     6.2    ---     26.7    ---
   1941   6   17.2    10.9    ---     15.2    ---
   1941   7   21.6    13.9    ---     79.5    ---
   1941   8   18.9    11.8    ---     93.5    ---
   1941   9   18.3    11.9    ---      9.7    ---
   1941  10   14.0     8.3    ---     55.6    ---
   1941  11    9.3     4.6    ---     63.0    ---
   1941  12    7.6     3.7    ---     26.2    ---
   1942   1    2.4    -1.4    ---     57.4    37.8
   1942   2    1.3    -1.7    ---     33.0    30.1
   1942   3    7.3     1.8    ---     54.1   125.2
   1942   4   12.3     5.7    ---     12.7   242.9
   1942   5   15.2     7.2    ---     63.5   220.5
   1942   6   18.9     9.6    ---      5.8   282.7
   1942   7   19.9    12.5    ---     67.6   182.3
   1942   8   21.7    13.5    ---     40.9   179.3
   1942   9   18.8    11.3    ---     54.4   152.6
   1942  10   15.3     9.7    ---     89.7    ---
   1942  11    9.0     4.4    ---     64.8    ---
   1942  12    8.3     4.6    ---     54.6    48.2
   1943   1    7.3     3.4    ---     98.3    56.9
   1943   2    8.6     3.3    ---     24.1    97.4
   1943   3   10.2     3.4    ---      5.1   141.4
   1943   4   15.6     7.4    ---     32.0   172.3
   1943   5   17.0     9.2    ---     41.1   264.2
   1943   6   19.2    11.0    ---     33.0   232.3
   1943   7   20.6    13.1    ---     46.0   214.8
   1943   8   21.5    13.2    ---     34.3   203.5
   1943   9   18.4    10.7    ---     34.3   170.4
   1943  10   15.1     9.8    ---     25.9    90.4
   1943  11    9.2     5.1    ---     70.4    74.1
   1943  12    6.2     2.5    ---     37.3    62.1
   1944   1    8.7     4.5    ---     24.9    64.3
   1944   2    5.1     1.6    ---     38.6    76.3
   1944   3    7.9     1.7    ---      5.1   134.1
   1944   4   13.6     5.9    ---     30.2   182.3
   1944   5   15.3     6.9    ---      8.4   269.7
   1944   6   17.3    10.5    ---     39.6   187.7
   1944   7   20.2    13.5    ---     45.0    ---
   1944   8   21.7    15.3    ---     35.3   216.0
   1944   9   15.6    10.1    ---     80.0   162.5
   1944  10   12.7     8.1    ---    130.6    93.6
   1944  11    9.4     4.9    ---     96.3    82.7
   1944  12    6.6     2.8    ---     35.8    57.3
   1945   1    2.9    -0.8    ---     47.0    39.5
   1945   2   10.7     4.9    ---     25.9    78.0
   1945   3   11.7     4.7    ---     19.3   147.0
   1945   4   14.1     6.8    ---     29.5   186.6
   1945   5   17.6     8.8    ---     41.4   229.8
   1945   6   20.1    11.4    ---      9.4   245.0
   1945   7   21.9    13.6    ---     41.7   257.8
   1945   8   19.9    13.3    ---     52.3   180.7
   1945   9   18.6    13.1    ---     17.0   113.6
   1945  10   16.2     9.6    ---     21.1   120.8
   1945  11    9.9     6.1    ---     35.6    45.8
   1945  12    8.2     3.3    ---     62.5    57.2
   1946   1    5.1     1.7    ---     17.8    69.5
   1946   2    8.6     4.2    ---     45.7    67.2
   1946   3    7.7     2.4    ---     40.4    97.9
   1946   4   13.8     5.3    ---     33.3   239.2
   1946   5   13.6     7.4    ---     41.4   191.3
   1946   6   17.6     9.8    ---     42.2   197.4
   1946   7   21.4    12.4    ---     70.9   263.0
   1946   8   19.6    12.1    ---    134.1   182.3
   1946   9   18.1    11.3    ---     55.6   136.0
   1946  10   13.5     9.3    ---     30.2    95.0
   1946  11   10.8     6.2    ---     77.5    47.6
   1946  12    5.3     0.8    ---     54.4    64.0
   1947   1    4.1    -0.2    ---     38.4    76.7
   1947   2    0.1    -2.5    ---     33.8    29.7
   1947   3    7.1     1.6    ---     77.7    87.6
   1947   4   13.1     5.1    ---     25.4   210.4
   1947   5   18.1     9.3    ---     21.8   226.0
   1947   6   20.8    12.2    ---     74.9   253.5
   1947   7   21.8    14.2    ---     71.1   239.8
   1947   8   22.3    15.6    ---      5.6   308.1
   1947   9   21.0    13.0    ---     19.3   195.2
   1947  10   15.7     7.9    ---      8.9   148.8
   1947  11   10.4     5.7    ---     41.7    66.9
   1947  12    7.4     3.5    ---     76.5    38.8
   1948   1    8.4     3.7    ---     48.5    42.3
   1948   2    7.3     2.4    ---     20.8    78.7
   1948   3   11.9     4.3    ---     15.5   182.3
   1948   4   13.4     5.7    ---     28.4   228.8
   1948   5   15.0     7.8    ---     42.2   247.6
   1948   6   18.5    10.8    ---     61.2   203.0
   1948   7   19.4    12.2    ---     33.0   188.1
   1948   8   19.6    12.3    ---     64.0   156.4
   1948   9   18.7    11.0    ---     43.4   174.3
   1948  10   14.6     7.8    ---     26.9   125.3
   1948  11   10.6     5.3    ---     50.3    90.2
   1948  12    8.5     4.3    ---     35.1    73.6
   1949   1    8.1     3.1    ---     27.7    83.9
   1949   2    9.4     2.6    ---     15.7   140.3
   1949   3    7.7     1.7    ---     17.0   116.0
   1949   4   14.8     6.4    ---     29.2   222.4
   1949   5   14.2     6.7    ---     39.9   213.5
   1949   6   18.4     9.9    ---     10.2   267.5
   1949   7   22.4    13.8    ---     15.7   280.4
   1949   8   22.5    13.7    ---     17.5   239.7
   1949   9   21.2    14.9    ---     74.7   172.7
   1949  10   16.0     9.7    ---    145.0   140.2
   1949  11    9.6     4.3    ---     80.3    73.2
   1949  12    8.5     4.1    ---     35.3    62.7
   1950   1    6.3     2.3    ---     27.7    51.8
   1950   2    9.4     4.3    ---     69.9    93.5
   1950   3   10.8     4.3    ---     10.7   146.4
   1950   4   11.5     4.2    ---     40.4   183.6
   1950   5   14.8     7.6    ---     43.9   189.7
   1950   6   21.7    12.1    ---     28.4   274.8
   1950   7   21.1    13.3    ---     80.0   227.6
   1950   8   21.2    13.1    ---     51.6   227.3
   1950   9   17.5    10.8    ---     52.8   134.9
   1950  10   13.6     8.1    ---     10.9   129.7
   1950  11    9.3     4.7    ---    121.7    64.4
   1950  12    3.4    -0.2    ---     47.8    33.2
   1951   1    7.0     3.3    ---     50.8    56.4
   1951   2    6.7     2.4    ---    100.1    71.2
   1951   3    7.5     3.2    ---     54.4   107.7
   1951   4   10.2     3.8    ---     38.4   192.4
   1951   5   13.1     7.9    ---     42.9   178.7
   1951   6   17.3    10.2    ---     34.0   257.9
   1951   7   21.3    12.9    ---     33.3   247.0
   1951   8   19.2    12.6    ---     97.3   170.4
   1951   9   18.3    12.5    ---    100.6   122.7
   1951  10   13.5     8.9    ---     37.8   112.6
   1951  11   11.4     6.9    ---     74.9    54.6
   1951  12    8.4     4.2    ---     40.4    54.3
   1952   1    5.9     2.1    ---     43.7    73.1
   1952   2    5.6     1.2    ---     32.8    62.9
   1952   3    9.1     4.5    ---     61.0    97.9
   1952   4   13.7     6.2    ---     18.0   194.1
   1952   5   17.7     9.1    ---     29.5   246.2
   1952   6   19.9    11.1    ---     52.8   235.9
   1952   7   21.9    14.2    ---     23.6   225.7
   1952   8   21.1    14.1    ---     71.4   192.3
   1952   9   15.9     9.7    ---    108.2   130.5
   1952  10   13.1     7.8    ---     43.2   118.4
   1952  11    7.2     3.4    ---     96.0    62.5
   1952  12    5.7     1.8    ---     52.1    41.3
   1953   1    4.8     1.8    ---     25.1    ---
   1953   2    6.5     2.2    ---     34.0    ---
   1953   3    8.6     2.3    ---      5.8    ---
   1953   4   11.3     5.4    ---     26.9    ---
   1953   5   ---     ---     ---     ---     ---
   1953   6   ---     ---     ---     ---     ---
   1953   7   ---     ---     ---     ---     ---
   1953   8   ---     ---     ---     ---     ---
   1953   9   ---     ---     ---     ---     ---
   1953  10   ---     ---     ---     ---     ---
   1953  11   ---     ---     ---     ---     ---
   1953  12   ---     ---     ---     ---     ---
   1961   1    6.6     1.5       5    52.3    ---
   1961   2    9.8     4.0       1    57.6    ---
   1961   3   12.9     3.8       1     0.8    ---
   1961   4   14.1     7.0       0    41.0    ---
   1961   5   15.2     7.9       0    38.0    ---
   1961   6   19.9    10.8       0    39.6    ---
   1961   7   20.5    12.6       0    44.5    ---
   1961   8   20.8    12.6       0    17.5    ---
   1961   9   20.0    12.8       0    73.0    ---
   1961  10   15.3     8.5       0    65.7    ---
   1961  11    9.8     4.9       2    55.8    ---
   1961  12    7.1     1.5      14    76.7    ---
   1962   1    7.9     1.7       8    38.3    ---
   1962   2    7.0     1.4       8    12.1    ---
   1962   3    6.4     0.1      15    37.0    ---
   1962   4   11.0     4.3       0    33.4    ---
   1962   5   14.1     6.6       0    29.3    ---
   1962   6   18.3     9.2       0     2.7    ---
   1962   7   18.9    11.9       0    41.8    ---
   1962   8   19.5    11.7       0    59.3    ---
   1962   9   17.5    10.2       0    40.3    ---
   1962  10   15.3     8.4       0    41.3    ---
   1962  11    8.7     4.0       7    81.4    ---
   1962  12    5.5    -0.4      17    36.4    ---
   1963   1    0.2    -3.5      30    11.6    ---
   1963   2    1.2    -3.0      28    16.7    ---
   1963   3    9.6     2.4       6    62.6    ---
   1963   4   11.8     4.6       2    52.9    ---
   1963   5   14.5     6.6       0    54.3    ---
   1963   6   17.9    10.6       0    55.8    ---
   1963   7   19.4    12.0       0    32.0    ---
   1963   8   19.2    11.2       0    69.7    ---
   1963   9   17.4    10.4       0    54.4    ---
   1963  10   14.0     7.6       0    42.9    ---
   1963  11   11.7     6.1       1   121.5    ---
   1963  12    5.1     0.3      12     9.9    ---
   1964   1    4.9     0.1      11    17.7    ---
   1964   2    6.9     2.0       6    17.9    ---
   1964   3    6.5     1.8       6    67.0    ---
   1964   4   12.4     5.0       1    60.3    ---
   1964   5   18.1     8.8       0    26.2    ---
   1964   6   18.7    10.5       0   103.7    ---
   1964   7   21.3    12.7       0    40.8    ---
   1964   8   21.0    12.8       0    15.6    ---
   1964   9   19.9    11.0       0    12.5    ---
   1964  10   12.8     5.9       0    92.2    ---
   1964  11   11.0     5.0       3    42.6    ---
   1964  12    6.9     1.5      11    41.0    ---
   1965   1    6.2     1.3       8    49.8    ---
   1965   2    5.0     1.1       5    12.2    ---
   1965   3    8.9     1.8       7    34.5    ---
   1965   4   11.5     4.3       0    44.9    ---
   1965   5   15.5     8.0       0    41.6    ---
   1965   6   17.8     9.9       0    52.9    ---
   1965   7   18.2    11.2       0    42.9    ---
   1965   8   19.8    11.8       0    60.9    ---
   1965   9   17.1     9.0       0   108.6    ---
   1965  10   15.3     8.7       0    11.5    ---
   1965  11    8.5     3.0       8    47.1    ---
   1965  12    8.2     1.6       8    73.5    ---
   1966   1    5.0     0.2      16    49.1    ---
   1966   2    8.9     3.8       0    48.6    ---
   1966   3   10.0     2.8       4     6.2    ---
   1966   4   11.4     4.8       2    59.9    ---
   1966   5   15.5     7.1       0    23.2    ---
   1966   6   20.1    11.6       0    84.4    ---
   1966   7   19.1    12.0       0    90.2    ---
   1966   8   19.6    11.2       0    68.3    ---
   1966   9   18.9    11.3       0    10.5    ---
   1966  10   14.7     9.4       0   249.6    ---
   1966  11    8.7     3.8       1   112.3    ---
   1966  12    8.3     2.0       5    75.4    ---
   1967   1    6.6     2.0       9    21.4    ---
   1967   2    8.6     3.0       5    19.3    ---
   1967   3   11.3     3.6       1    31.8    ---
   1967   4   11.0     4.3       0    62.2    ---
   1967   5   15.3     7.6       1    72.8    ---
   1967   6   18.3    10.8       0    31.4    ---
   1967   7   22.6    13.8       0     7.6    ---
   1967   8   21.1    12.7       0    36.4    ---
   1967   9   18.7    11.3       0    47.3    ---
   1967  10   15.2     8.7       0    81.1    ---
   1967  11    9.3     3.5       1    66.7    ---
   1967  12    6.6     1.8      11    51.6    ---
   1968   1    6.3     1.8      12    44.3    ---
   1968   2    4.9     1.1       6    51.6    ---
   1968   3   10.2     3.2       2    14.0    ---
   1968   4   12.7     4.5       6    32.8    ---
   1968   5   14.2     7.2       0    30.9    ---
   1968   6   18.7    10.6       0    27.9    ---
   1968   7   19.3    12.3       0    98.7    ---
   1968   8   19.1    13.3       0    76.6    ---
   1968   9   18.4    11.6       0    96.0    ---
   1968  10   16.0    10.5       0    47.4    ---
   1968  11    9.4     5.3       1    39.6    ---
   1968  12    5.1     1.2      10    28.4    ---
   1969   1    8.1     3.5       5    49.1    ---
   1969   2    4.0    -0.6      18    50.5    ---
   1969   3    7.2     2.1       4    53.0    ---
   1969   4   12.0     3.9       1    32.5    ---
   1969   5   15.8     8.3       0    89.5    ---
   1969   6   18.0    10.3       0    37.9    ---
   1969   7   21.8    13.8       0   123.0    ---
   1969   8   20.6    13.7       0   176.7    ---
   1969   9   18.6    12.2       0    10.3    ---
   1969  10   17.3     9.7       0     7.6    ---
   1969  11   10.0     3.9       6   120.8    ---
   1969  12    5.0     1.3       9    54.5    ---
   1970   1    6.3     2.2       8    75.6    ---
   1970   2    6.7     0.6      11    48.5    ---
   1970   3    7.0     0.5      11    50.5    ---
   1970   4   10.2     3.7       5    44.6    ---
   1970   5   16.8     8.6       0    20.8    ---
   1970   6   20.6    11.8       0    15.6    ---
   1970   7   20.5    12.4       0    42.6    ---
   1970   8   20.6    13.3       0    37.2    ---
   1970   9   19.4    11.5       0    48.8    ---
   1970  10   15.3     9.0       0    13.2    ---
   1970  11   11.4     5.7       1   113.8    ---
   1970  12    6.9     2.4       9    46.6    ---
   1971   1    7.0     2.2       7    40.5    ---
   1971   2    7.8     2.5       3    14.7    ---
   1971   3    7.9     2.1       8    37.3    ---
   1971   4   10.1     5.2       0    39.8    ---
   1971   5   15.6     8.0       0    38.0    ---
   1971   6   16.3     9.9       0    82.5    ---
   1971   7   21.1    12.7       0    45.4    ---
   1971   8   20.1    13.6       0    61.3    ---
   1971   9   19.0    10.5       0    17.6    ---
   1971  10   16.6     8.6       0    45.4    ---
   1971  11   10.2     3.7       4    51.5    ---
   1971  12    9.0     4.4       1    10.3    ---
   1972   1    5.9     1.3      10    51.1    ---
   1972   2    7.2     2.5       3    34.2    ---
   1972   3   11.3     2.9       2    34.5    ---
   1972   4   11.5     5.8       0    31.1    ---
   1972   5   15.0     7.6       0    29.3    ---
   1972   6   16.7     8.8       0    29.3    ---
   1972   7   19.7    12.8       0    46.4    ---
   1972   8   19.7    12.5       0    34.3    ---
   1972   9   16.3    10.4       0    56.2    ---
   1972  10   14.2     8.9       0     7.9    ---
   1972  11    9.6     3.8       2    42.5    ---
   1972  12    8.8     3.3       4    45.6    ---
   1973   1    7.2     2.4       3    19.7    ---
   1973   2    7.3     1.1      12    32.4    ---
   1973   3   10.2     2.6       4    14.3   159.9
   1973   4   10.8     4.0       2    42.1   133.7
   1973   5   15.5     8.2       0    34.4   208.4
   1973   6   19.8    11.4       0    51.5   287.1
   1973   7   20.6    12.8       0    28.4   193.5
   1973   8   22.1    14.0       0    11.1   221.9
   1973   9   19.6    11.9       0   253.0   184.1
   1973  10   13.7     7.7       0    45.0   128.6
   1973  11    9.7     3.4       8    19.7   103.8
   1973  12    8.1     2.6       7    30.4    53.0
   1974   1    9.2     3.6       2    37.8    53.5
   1974   2    8.4     2.8       4    48.1    61.7
   1974   3    9.2     3.1       3    40.4   116.1
   1974   4   12.0     6.0       0    10.3   207.9
   1974   5   15.8     7.4       0    16.8   241.9
   1974   6   18.0    10.5       0    46.6   217.7
   1974   7   20.0    12.0       0    59.3   214.6
   1974   8   20.8    12.4       0    75.3   229.8
   1974   9   17.0     9.4       0    93.5   155.4
   1974  10   10.7     5.6       0    79.6    87.9
   1974  11   10.5     4.5       0    83.0    48.3
   1974  12   10.6     5.4       1    23.3    50.8
   1975   1    9.7     4.1       1    75.6    38.1
   1975   2    8.4     2.8       0    17.1   118.1
   1975   3    7.6     3.0       4    94.4    65.3
   1975   4   11.6     4.2       3    54.4   137.9
   1975   5   13.0     7.0       0    48.7   171.3
   1975   6   18.4     9.4       0    18.1   293.7
   1975   7   21.6    12.9       0    29.2   227.5
   1975   8   23.8    14.5       0    27.6   253.8
   1975   9   19.0    11.2       0   159.4   155.4
   1975  10   13.6     8.0       0    52.3   100.5
   1975  11    9.3     3.5       4    87.5    61.0
   1975  12    7.0     1.8      10    20.6    49.3
   1976   1    7.9     3.3       6    22.3    72.1
   1976   2    6.7     1.7       7    15.9    40.6
   1976   3    8.0     2.0       5    11.1   134.4
   1976   4   11.2     4.1       1     9.4   210.0
   1976   5   17.8     8.5       0    10.5   236.1
   1976   6   22.8    12.9       0    11.0   308.9
   1976   7   22.9    14.9       0    38.3   302.8
   1976   8   21.9    14.4       0    30.8   292.5
   1976   9   17.7    11.3       0   150.6   149.3
   1976  10   14.7     9.5       0    97.8    74.6
   1976  11   10.1     4.8       1   140.1    46.7
   1976  12    5.6     0.5      13    68.4    67.5
   1977   1    5.8     1.4       9    57.9    58.4
   1977   2    8.6     3.3       2    42.5    87.2
   1977   3   10.5     4.5       1    55.1   124.5
   1977   4   11.1     3.9       3    29.9   174.3
   1977   5   13.7     7.7       0    49.8   229.9
   1977   6   16.3     9.8       0    43.8   134.7
   1977   7   19.5    12.8       0    43.1   196.4
   1977   8   19.6    12.6       0    69.3   180.2
   1977   9   17.5    10.9       0    17.4   145.0
   1977  10   16.0     9.3       0    10.4   143.1
   1977  11   10.1     4.9       1    72.7    86.9
   1977  12    8.8     4.6       0    59.6    58.1
   1978   1    6.2     0.8      10    54.7    45.6
   1978   2    5.2     1.1      11    32.7    43.6
   1978   3   10.6     3.1       4    22.9   123.4
   1978   4    9.3     3.8       3    68.5   129.9
   1978   5   14.0     7.7       0    35.8   183.9
   1978   6   18.3    10.5       0    44.9   208.5
   1978   7   18.9    12.0       0    27.7   132.0
   1978   8   20.0    12.3       0    24.4   212.4
   1978   9   19.0    11.2       0    19.0   175.6
   1978  10   15.6     9.0       0     8.4   111.6
   1978  11   11.8     6.2       1    20.3    88.3
   1978  12    7.7     3.1       6    80.8    30.1
   1979   1    3.0    -2.2      25    54.1    65.3
   1979   2    4.0    -0.3      14    44.1    46.6
   1979   3    8.5     2.1       7    79.3   125.1
   1979   4   11.7     4.3       2    53.9   130.4
   1979   5   15.4     6.4       3    55.0   248.8
   1979   6   18.0    10.2       0    47.3   177.6
   1979   7   21.1    13.1       0    22.8   203.2
   1979   8   19.7    12.0       0    63.1   182.1
   1979   9   18.5    10.6       0    16.7   199.5
   1979  10   15.5     9.6       0    20.6   105.2
   1979  11   10.4     3.7       2    43.7    78.7
   1979  12    8.7     4.0       4    71.9    56.0
   1980   1    5.4     0.4      12    44.1    72.1
   1980   2    9.1     2.9       3    29.2    66.7
   1980   3    8.2     2.8       3    43.9    83.6
   1980   4   12.0     5.1       0    18.6   193.9
   1980   5   14.2     7.8       0    13.7   252.0
   1980   6   18.7    10.4       0    60.0   199.4
   1980   7   18.8    12.0       0    92.7   183.7
   1980   8   20.9    13.3       0    25.8   187.6
   1980   9   19.7    11.6       0    55.7   167.1
   1980  10   13.6     6.6       0    73.4   136.9
   1980  11    8.9     4.5       2    35.4    59.2
   1980  12    7.9     2.6       7    23.9    56.8
   1981   1    7.4     1.9       9    32.7    68.6
   1981   2    6.1     0.2      13    18.7    76.9
   1981   3   11.0     5.8       1    72.8    52.4
   1981   4   10.6     5.1       1    35.5   140.5
   1981   5   15.5     7.9       0    52.8   174.4
   1981   6   17.1    10.4       0    87.5   166.4
   1981   7   19.8    12.7       0    22.3   173.4
   1981   8   21.1    13.1       0    17.0   227.9
   1981   9   19.3    11.6       0    63.7   182.0
   1981  10   12.6     6.5       0    81.0   116.1
   1981  11   10.9     5.2       0    38.6    61.7
   1981  12    4.4     0.1      16    75.0    42.3
   1982   1    6.7     1.4      11    33.0    71.9
   1982   2    7.0     2.1       7    18.7    77.3
   1982   3    9.6     2.5       4    28.1   158.5
   1982   4   11.7     4.9       2     4.6   196.0
   1982   5   16.8     8.1       0    38.1   267.2
   1982   6   19.9    12.5       0    47.9   202.5
   1982   7   20.9    13.9       0    29.0   197.4
   1982   8   21.6    13.4       0    32.6   214.7
   1982   9   20.2    12.1       0    29.2   174.0
   1982  10   13.8     8.3       0   158.9    74.2
   1982  11   11.4     6.1       1    71.4    64.7
   1982  12    7.7     2.2       5    47.7    60.5
   1983   1    9.2     3.9       2    31.2    59.1
   1983   2    4.4     0.1      16    78.2    86.9
   1983   3    9.8     3.1       0    28.4   108.2
   1983   4   11.6     4.0       2    92.6   163.9
   1983   5   14.2     7.0       0    63.7   177.0
   1983   6   18.1    11.5       0    44.8   204.3
   1983   7   23.2    14.8       0    21.4   268.9
   1983   8   21.6    14.8       0    14.7   214.3
   1983   9   18.4    11.2       0    25.4   120.8
   1983  10   15.1     8.0       0    33.0   134.6
   1983  11   11.0     5.7       3    19.8    57.0
   1983  12    8.4     3.1       7    51.9    71.1
   1984   1    7.4     1.3       6    76.4    89.1
   1984   2    6.4     1.7       7    24.8    84.9
   1984   3    7.6     2.4       3    53.4    77.0
   1984   4   11.6     4.0       2    26.5   235.5
   1984   5   12.2     7.1       0    61.6   125.0
   1984   6   18.7    10.2       0    34.8   236.9
   1984   7   21.5    12.9       0    10.6   201.5
   1984   8   22.3    13.8       0    31.7   218.6
   1984   9   17.7    11.0       0    61.8   106.9
   1984  10   15.2     8.3       0    65.1   117.4
   1984  11   12.4     6.9       0    64.6    77.0
   1984  12    8.7     2.9       7    52.8    64.4
   1985   1    3.5    -2.4      21    58.3    50.7
   1985   2    4.8    -0.5      12    12.8    98.1
   1985   3    8.1     1.3       8    56.2   111.1
   1985   4   12.5     5.2       0    25.3   138.8
   1985   5   14.4     7.7       0    53.2   167.0
   1985   6   17.0     9.9       0    72.2   171.8
   1985   7   21.3    13.2       0    40.6   259.6
   1985   8   19.6    11.5       0    45.5   208.3
   1985   9   20.1    11.2       0     6.6   174.0
   1985  10   15.3     9.4       0    15.8   131.5
   1985  11    7.6     1.8       8    56.1    89.9
   1985  12    9.4     4.9       4    85.6    39.0
   1986   1    6.7     1.0      11    70.6    75.9
   1986   2    1.1    -2.8      23    25.1    46.7
   1986   3    8.6     1.3       9    39.4   137.0
   1986   4    9.7     2.9       4    52.8   156.3
   1986   5   16.0     7.3       0    34.5   248.5
   1986   6   18.8    11.2       0    20.6   249.1
   1986   7   21.3    13.3       0    40.2   211.9
   1986   8   19.2    11.3       0    44.9   185.2
   1986   9   16.4     9.5       0    59.4   159.5
   1986  10   15.5     9.0       0    67.6   123.6
   1986  11   11.5     4.8       2    68.2    81.1
   1986  12    9.0     2.9       1    52.1    83.5
   1987   1    2.5    -1.3      18    11.3    39.9
   1987   2    6.6     0.9      11    24.4    75.7
   1987   3    6.8     0.7      16    36.8   103.9
   1987   4   14.4     6.0       0    21.5   181.0
   1987   5   13.9     7.2       0    37.1   193.3
   1987   6   17.2    10.2       0    99.8   145.2
   1987   7   20.3    13.3       0   109.2   192.0
   1987   8   20.8    12.8       0    90.8   187.6
   1987   9   19.0    12.0       0    15.1   159.3
   1987  10   14.7     8.5       0   132.5   115.0
   1987  11    9.9     5.7       1    61.8    61.2
   1987  12    8.3     3.9       4    31.4    39.5
   1988   1    8.8     3.1       5   114.4    70.9
   1988   2    7.7     2.2       2    35.2   129.8
   1988   3    9.4     3.7       2    81.3   110.1
   1988   4   11.8     5.6       1    45.5   175.3
   1988   5   15.5     9.0       0    31.8   221.5
   1988   6   17.1    10.8       0    11.7   158.4
   1988   7   20.0    12.0       0    38.9   206.3
   1988   8   21.1    12.5       0    21.1   223.3
   1988   9   18.0    11.2       0    27.1   137.8
   1988  10   15.1     9.4       0    81.0   112.9
   1988  11    9.6     3.8       2    56.4    95.4
   1988  12    9.4     4.7       1    17.4    44.3
   1989   1    8.7     3.1       3    23.8    83.1
   1989   2    9.4     3.0       1    25.0   103.0
   1989   3   11.9     4.7       2    42.6   110.3
   1989   4   10.3     4.8       0    77.4   127.5
   1989   5   17.7     9.1       0     0.4   326.3
   1989   6   19.1    10.9       0    47.7   276.8
   1989   7   22.8    14.7       0    37.8   263.1
   1989   8   22.9    13.8       0    20.4   239.2
   1989   9   19.8    13.2       0    23.7   140.4
   1989  10   16.4    10.4       0    56.1   125.6
   1989  11   10.5     4.2       4    30.4   124.3
   1989  12    9.3     4.2       5    65.2    22.0
   1990   1    9.3     3.9       2    46.8    53.1
   1990   2   11.0     4.8       1    63.6   109.9
   1990   3   12.4     4.9       1     5.7   175.6
   1990   4   12.5     4.8       2    40.9   246.3
   1990   5   17.6     9.0       0    19.1   317.3
   1990   6   18.4    10.1       0    56.1   192.3
   1990   7   21.9    12.5       0     6.5   299.2
   1990   8   24.3    14.4       0    26.0   289.0
   1990   9   18.3    10.5       0    39.9   158.3
   1990  10   15.8     9.6       0    68.4   130.1
   1990  11   10.2     5.4       3    87.7    68.1
   1990  12    7.1     2.5       3    41.1    44.9
   1991   1    7.0     2.3       2    37.7    69.6
   1991   2    4.4    -1.0      16    17.8    62.7
   1991   3   11.5     5.4       2    15.4   119.1
   1991   4   11.9     4.8       1    43.8   184.1
   1991   5   13.8     6.9       0    25.5   164.9
   1991   6   16.6     9.1       0    86.7   155.7
   1991   7   21.2    13.6       0    78.1   214.6
   1991   8   22.8    14.0       0    10.5   266.8
   1991   9   19.7    11.9       0    63.4   181.3
   1991  10   13.9     7.8       0    32.3   111.0
   1991  11    9.8     4.2       2    57.5    49.8
   1991  12    8.2     2.4       8    18.2    60.4
   1992   1    6.6     1.8      10    16.6    49.8
   1992   2    8.6     1.7       9    12.7    79.5
   1992   3   10.8     4.4       1    60.2    89.3
   1992   4   12.9     5.0       0    41.2   138.9
   1992   5   18.4     9.5       0    52.9   284.0
   1992   6   19.8    12.0       0    15.5   243.6
   1992   7   21.5    13.7       0    58.9   205.1
   1992   8   20.8    13.2       0    76.0   168.5
   1992   9   18.4    10.8       0    36.6   164.9
   1992  10   12.2     6.0       2    93.5   125.2
   1992  11   11.4     4.7       1    82.2    71.3
   1992  12    7.4     2.5       5    32.4    50.8
   1993   1    9.3     2.7       7    39.3    48.5
   1993   2    6.1     1.9       5    13.2    42.2
   1993   3   10.4     2.9       2     6.1   157.2
   1993   4   13.5     6.1       0    45.2   142.2
   1993   5   15.7     8.9       0    36.4   214.9
   1993   6   19.6    11.7       0    49.0   254.0
   1993   7   20.8    12.4       0    52.9   194.6
   1993   8   20.6    12.3       0    32.8   225.5
   1993   9   16.8    10.7       0   106.0   125.9
   1993  10   12.8     7.9       0   121.1   106.8
   1993  11    8.0     2.8       5    41.5    88.5
   1993  12    8.7     2.9       2    86.4    36.6
   1994   1    8.7     2.2       6    55.5    67.4
   1994   2    6.8     0.9       9    31.5    79.4
   1994   3   11.6     4.4       3    31.9   146.7
   1994   4   12.3     4.6       2    45.1   171.1
   1994   5   14.8     8.2       0    68.6   190.3
   1994   6   19.7    10.7       0    27.5   263.6
   1994   7   24.1    14.8       0    32.7   275.0
   1994   8   22.0    13.7       0    72.0   215.6
   1994   9   17.1    10.5       0    53.0   126.8
   1994  10   14.3     7.2       0    77.0   135.6
   1994  11   13.0     8.1       0    17.8    49.9
   1994  12   10.2     3.7       5    57.8    64.8
   1995   1    8.0     2.1       7    93.6    66.7
   1995   2   10.2     4.2       1    52.5    83.7
   1995   3   10.2     2.0       9    40.5   192.0
   1995   4   12.9     5.8       2    18.0   174.5
   1995   5   17.2     7.3       0    19.0   250.1
   1995   6   17.8    10.5       0    27.2   177.7
   1995   7   24.3    14.8       0    27.7   288.6
   1995   8   23.7    15.8       0    13.9   298.0
   1995   9   18.3    11.2       0    94.3   152.4
   1995  10   17.5     9.7       0     7.9   138.0
   1995  11   11.2     5.8       2    19.8    62.5
   1995  12    5.7     1.4      10    75.8    51.6
   1996   1    6.2     2.4       7    29.0    35.5
   1996   2    5.5    -0.1      17    34.1    71.4
   1996   3    6.9     1.6       8    15.8    92.2
   1996   4   13.1     4.8       1     4.6   183.3
   1996   5   13.3     6.3       0    44.5   194.3
   1996   6   19.9    10.4       0    11.0   259.1
   1996   7   21.7    12.3       0    22.6   234.1
   1996   8   21.8    13.0       0    84.3   219.2
   1996   9   17.3    11.5       0    42.1   171.7
   1996  10   15.3     8.5       0    21.7   138.9
   1996  11    9.9     3.6       6    87.0    96.4
   1996  12    6.1     1.7      11    29.9    48.4
   1997   1    4.4    -0.3      15    11.5    63.8
   1997   2    9.8     3.2       3    42.2    58.8
   1997   3   12.2     4.7       1     9.4   148.2
   1997   4   13.1     4.6       1     7.6   228.9
   1997   5   16.7     7.6       1    37.5   272.3
   1997   6   18.7    11.6       0    90.1   211.8
   1997   7   21.5    13.0       0    23.1   244.1
   1997   8   25.1    16.2       0    29.1   257.9
   1997   9   19.9    11.3       0     1.5   207.1
   1997  10   15.0     7.6       3    53.2   161.6
   1997  11   11.7     5.9       1    89.9    63.1
   1997  12    8.9     3.6       3    97.0    33.1
   1998   1    8.5     3.0       5    45.7    67.5
   1998   2   10.4     3.1       5     6.2   125.0
   1998   3   11.3     5.3       2    25.7    83.5
   1998   4   12.3     5.0       2    55.0   143.8
   1998   5   16.8     9.7       0    35.6   234.1
   1998   6   19.1    11.4       0    78.2   190.5
   1998   7   20.4    12.7       0    26.3   215.4
   1998   8   22.5    12.9       0     5.6   267.5
   1998   9   18.9    12.6       0    79.8   158.0
   1998  10   14.1     8.4       0   133.1    93.7
   1998  11    8.9     3.2       5    61.6   110.6
   1998  12    8.8     3.5       5    48.7    50.4
   1999   1    9.0     3.5       3    56.7    75.9
   1999   2    7.7     2.0       7    17.4   101.5
   1999   3   10.9     4.5       1    30.1   113.4
   1999   4   13.2     6.3       2    62.1   195.9
   1999   5   17.3     9.6       0    43.1   247.1
   1999   6   18.7    10.9       0    45.8   254.6
   1999   7   22.2    14.7       0    18.5   280.4
   1999   8   21.5    14.1       0    75.4   222.9
   1999   9   20.5    14.0       0    57.0   164.2
   1999  10   15.0     8.8       0    52.8   157.3
   1999  11   10.8     6.5       0    42.4    81.8
   1999  12    8.2     2.9       2    68.0    83.1
   2000   1    7.9     2.7       7    12.4    70.3
   2000   2    9.6     3.6       2    61.6   111.0
   2000   3   10.8     4.7       2    23.8   112.9
   2000   4   12.0     5.9       2   127.8   160.4
   2000   5   15.8     9.2       0   108.2   178.9
   2000   6   19.7    11.7       0    10.4   219.3
   2000   7   18.9    11.9       0    49.1   139.2
   2000   8   21.9    13.8       0    18.6   240.1
   2000   9   19.8    12.8       0    52.9   123.8
   2000  10   14.8     8.6       0   148.4    96.3
   2000  11   10.7     5.1       0   119.4    80.2#
   2000  12    8.7     4.6       4    63.8    65.5#
   2001   1    6.8     1.9       9    63.8    99.9#
   2001   2    7.7     2.8       7    96.8    72.8#
   2001   3    8.6     3.9       1    80.8    61.3#
   2001   4   11.6     5.7       0    56.0   137.8#
   2001   5   16.4     9.4       0    22.6   301.7#
   2001   6   19.1    11.2       0    24.6   276.5#
   2001   7   22.1    14.2       0    63.0   269.9#
   2001   8   ---     ---     ---    103.4    ---
   2001   9   17.0    11.1       0    96.6   129.7#
   2001  10   17.3    11.7       0   102.6   131.3#
   2001  11   10.9     5.5       0    51.6   105.5#
   2001  12    7.1     2.9       5    19.6    77.2#
   2002   1    8.6     3.4       6    36.2    ---
   2002   2   10.6     5.2       0    44.0    88.4#
   2002   3   11.3     5.2       0    37.8   136.7#
   2002   4   13.5     6.3       0    30.2   250.2#
   2002   5   15.6     9.3       0    59.0   242.5#
   2002   6   19.5    12.0       0    45.8   224.0#
   2002   7   20.6    13.4       0    59.8   245.8#
   2002   8   22.2    14.9       0    22.2   239.4#
   2002   9   18.5    12.8       0    57.0   181.7#
   2002  10   14.3     8.7       0    48.6   110.3#
   2002  11   12.1     6.9       0   119.0    82.2#
   2002  12    8.4     5.0       2   102.8    23.4#
   2003   1    7.6     2.9       7    51.8    70.9#
   2003   2    6.7     1.6       8    11.2   120.6#
   2003   3   10.7     4.2       0    15.2   177.8#
   2003   4   13.2     5.9       1    21.4   237.4#
   2003   5   16.7     8.5       0    55.0   223.3#
   2003   6   21.3    13.0       0    32.6   269.8#
   2003   7   22.7    14.6       0    47.4   253.0#
   2003   8   23.9    15.4       0    17.6   282.0#
   2003   9   20.3    11.3       0    14.8   272.2#
   2003  10   13.2     7.2       0    77.4   159.6#
   2003  11   11.9     6.7       0   110.2    75.1#
   2003  12    8.5     3.3       4    72.8    60.6#
   2004   1    8.0     2.8       5    71.8    65.7#
   2004   2    7.6     3.6       6    20.0    61.6#
   2004   3    9.8     4.0       3    25.4   133.8#
   2004   4   13.3     6.2       0    57.2   199.6#
   2004   5   15.9     8.5       0    47.0   251.6#
   2004   6   20.5    12.0       0    26.8   245.7#
   2004   7   21.1    13.1       0    61.8   247.2#
   2004   8   22.1    14.9       0   109.0   208.2#
   2004   9   19.2    12.0       0    15.2   175.2#
   2004  10   15.1     9.3       0    63.6   114.4#
   2004  11   10.6     5.9       1    31.0    63.6#
   2004  12    8.2     3.0       3    39.8    57.2#
   2005   1    8.6     3.4       1    25.4    86.0#
   2005   2    6.3     2.0       6    30.4    63.6#
   2005   3    9.7     3.5       6    41.6    89.3#
   2005   4   13.3     5.9       0    47.8   156.7#
   2005   5   15.9     8.4       0    32.6   237.2#
   2005   6   20.2    12.0       0    30.6   263.0#
   2005   7   21.1    13.5       0    88.6   183.8#
   2005   8   21.2    12.9       0    37.4   234.1#
   2005   9   ---     ---     ---     ---     --- #
   2005  10   17.3    11.6       0    65.6   142.6#
   2005  11    9.9     4.6       4    ---    115.5#
   2005  12    7.4     2.3       7    45.2    78.2#
   2006   1    6.0     2.6       4    20.0    52.3#
   2006   2    6.2     2.0       2    ---     57.8#
   2006   3    8.1     2.3      10    ---    130.1#
   2006   4   12.7     5.4       0    24.0   169.7#
   2006   5   16.4     9.3       0    93.8   181.9#
   2006   6   20.1    11.3       0    49.2   315.5#
   2006   7   25.4    15.6       0     8.2   350.1#
   2006   8   20.6    13.4       0   111.0   163.8#
   2006   9   21.7    14.6       0    24.6   188.5#
   2006  10   17.0    11.6       0    74.6   125.9#
   2006  11   12.5     6.3       0    36.8   118.6#
   2006  12    9.7     4.7       0    69.0    48.7#
   2007   1    9.8     4.8       1    43.6    66.7#
   2007   2    9.2     4.2       2    73.8    61.2#
   2007   3   11.4     4.3       1    33.8   186.4#
   2007   4   15.5     7.8       0     1.8   274.0#
   2007   5   16.2     9.6       0    81.6   178.7#
   2007   6   19.0    12.1       0    ---    168.5#
   2007   7   20.6    13.0       0    96.2   217.2#
   2007   8   20.3    13.1       0    40.0   204.7#
   2007   9   18.7    11.7       0    32.4   165.9#
   2007  10   14.3     9.1       0    30.8   104.9#
   2007  11   10.4     5.0       2    ---     70.3#
   2007  12    8.1     3.3       6    48.6    81.6#
   2008   1    9.6     4.3       0   101.6    60.9#
   2008   2    9.7     2.5       7    16.6   147.5#
   2008   3    9.5     3.9       1    86.6   100.2#
   2008   4   12.3     5.1       2    59.0   172.9#
   2008   5   17.1    10.4       0   162.4   248.8#
   2008   6   18.9    11.2       0    42.0   267.3#
   2008   7   22.0    13.3       0    63.2   289.9#
   2008   8   21.4    13.6       0    53.8   171.3#
   2008   9   17.6    11.5       0    79.6   176.2#
   2008  10   14.5     7.4            98.0   151.7#
   2008  11   10.4     5.8       1   111.0    52.3#
   2008  12    6.7     1.9       7    25.4    94.4#
   2009   1    5.5     0.3      13    81.0    86.9#
   2009   2    7.2     1.8       7    64.2    72.7#
   2009   3   11.0     3.4       2    41.6   176.9#
   2009   4   14.6     6.9       0    28.2   195.5#
   2009   5   17.2     9.0       0    31.2   240.3#
   2009   6   19.3    11.1       0    25.7*  250.0#
   2009   7   22.5    13.3       0    71.0   249.0#
   2009   8   23.8    14.1       0    14.0   249.7#
   2009   9   19.8    12.6       0    18.6   191.2#
   2009  10   15.1     9.7       0    71.6   113.1#
   2009  11   12.5     7.3       0   132.0    94.4#
   2009  12    7.1     2.2      10   111.4    70.6#
   2010   1    4.0    -0.1      12    33.0    48.5#
   2010   2    6.3*    0.6*     12*   84.9    50.2#
   2010   3    9.8     3.2       4    44.6   111.9#
   2010   4   13.2     4.9       0    18.6   256.5#
   2010   5   14.3     7.1       0    51.4   226.6#
   2010   6   19.3    11.5       0    75.4   254.0#
   2010   7   23.8    14.4       0    41.0   246.6#
   2010   8   20.9    13.5       0   112.8   142.3#
   2010   9   18.3    11.4       0    51.8   148.1#
   2010  10   14.5     9.3       0    43.6   106.0#
   2010  11    9.3     4.8       3    87.8    63.9#
   2010  12    3.5    -1.0      16    50.4    32.8#
   2011   1    6.7     3.1       1    69.4    41.6#
   2011   2    8.9     4.0       1    46.8    46.8#
   2011   3   10.0     3.6       2    20.8   138.9#
   2011   4   16.9     7.9       0     7.0   260.4#
   2011   5   18.2     9.4       0     4.0   273.5#
   2011   6   19.5    10.9       0    62.5   250.2*
   2011   7   20.1    12.1       0    35.8   196.6#
   2011   8   21.3    13.4       0    45.8   161.2#
   2011   9   20.9    12.5       0     9.6   181.0#
   2011  10   17.3    10.4       0    44.1   162.7#
   2011  11   12.8     7.4       0    32.0    63.4#
   2011  12    9.3     3.4       3   106.6    64.6#
   2012   1    9.1     3.5       2    48.2    68.1#
   2012   2    6.6     0.6      14    13.2    87.3#
   2012   3   11.5     4.2       0    48.6   155.1#
   2012   4   11.8     4.8       0    92.6   148.3#
   2012   5   16.3     9.2       0    27.7   180.3#
   2012   6   18.2    11.0       0    77.7*  173.6#
   2012   7   20.7    12.5       0    66.4   182.9#
   2012   8   22.7    14.1       0    34.8   207.3#
   2012   9   19.2    10.5       0    64.0   196.0#
   2012  10   14.0     8.6       0   134.4    83.6#
   2012  11   10.3     4.9       0    75.0    75.8#
   2012  12    8.5     2.5       9   112.4    52.1#
   2013   1    6.1     1.8      11    36.3    48.7#
   2013   2    5.1     1.0       6    23.2    54.8#
   2013   3    5.7     1.5       8    54.8    74.5#
   2013   4   11.6     4.2       1    21.8   181.0#  Provisional
   2013   5   14.6     6.8       0    36.8   199.1#  Provisional
   2013   6   17.6    10.6       0    15.6*  157.4#  Provisional
   2013   7   22.3    13.9       0    20.8   253.1#  Provisional
   2013   8   22.6    14.5       0    71.1*  213.4#  Provisional
